60
  C    1    0.000000    3.449997    0.684800    1    7   26   58
  C    2    3.002716    1.408493   -1.170975    1    9   27   59
  C    3    0.000000   -3.449997    0.684800    1    6   31   48
  C    4    2.279007   -2.579483   -0.723694    1   10   28   60
  C    5   -2.579483   -0.723694    2.279007    1    8   32   49
  C    6   -1.170975   -3.002716    1.408493    1    3   29   56
  C    7   -1.170975    3.002716    1.408493    1    1   33   50
  C    8   -2.579483    0.723694    2.279007    1    5   30   57
  C    9    2.279007    2.579483   -0.723694    1    2   34   46
  C   10    3.002716   -1.408493   -1.170975    1    4   35   47
  C   11   -3.002716   -1.408493   -1.170975    1   20   36   43
  C   12   -3.002716    1.408493   -1.170975    1   16   37   44
  C   13   -0.723694    2.279007   -2.579483    1   17   38   45
  C   14    0.684800    0.000000   -3.449997    1   18   39   41
  C   15   -0.723694   -2.279007   -2.579483    1   19   40   42
  C   16   -2.279007    2.579483   -0.723694    1   12   38   50
  C   17    0.723694    2.279007   -2.579483    1   13   39   46
  C   18    1.408493   -1.170975   -3.002716    1   14   40   47
  C   19   -1.170975   -3.002716   -1.408493    1   15   36   48
  C   20   -3.449997   -0.684800    0.000000    1   11   37   49
  C   21    2.579483    0.723694    2.279007    1   22   25   53
  C   22    2.579483   -0.723694    2.279007    1   21   23   54
  C   23    1.408493   -1.170975    3.002716    1   22   24   55
  C   24    0.684800    0.000000    3.449997    1   23   25   51
  C   25    1.408493    1.170975    3.002716    1   21   24   52
  C   26    1.170975    3.002716    1.408493    1    1   34   52
  C   27    3.449997    0.684800    0.000000    1    2   35   53
  C   28    2.279007   -2.579483    0.723694    1    4   31   54
  C   29   -0.723694   -2.279007    2.579483    1    6   32   55
  C   30   -1.408493    1.170975    3.002716    1    8   33   51
  C   31    1.170975   -3.002716    1.408493    1    3   28   55
  C   32   -1.408493   -1.170975    3.002716    1    5   29   51
  C   33   -0.723694    2.279007    2.579483    1    7   30   52
  C   34    2.279007    2.579483    0.723694    1    9   26   53
  C   35    3.449997   -0.684800    0.000000    1   10   27   54
  C   36   -2.279007   -2.579483   -0.723694    1   11   19   56
  C   37   -3.449997    0.684800    0.000000    1   12   20   57
  C   38   -1.170975    3.002716   -1.408493    1   13   16   58
  C   39    1.408493    1.170975   -3.002716    1   14   17   59
  C   40    0.723694   -2.279007   -2.579483    1   15   18   60
  C   41   -0.684800    0.000000   -3.449997    1   14   42   45
  C   42   -1.408493   -1.170975   -3.002716    1   15   41   43
  C   43   -2.579483   -0.723694   -2.279007    1   11   42   44
  C   44   -2.579483    0.723694   -2.279007    1   12   43   45
  C   45   -1.408493    1.170975   -3.002716    1   13   41   44
  C   46    1.170975    3.002716   -1.408493    1    9   17   58
  C   47    2.579483   -0.723694   -2.279007    1   10   18   59
  C   48    0.000000   -3.449997   -0.684800    1    3   19   60
  C   49   -3.002716   -1.408493    1.170975    1    5   20   56
  C   50   -2.279007    2.579483    0.723694    1    7   16   57
  C   51   -0.684800    0.000000    3.449997    1   24   30   32
  C   52    0.723694    2.279007    2.579483    1   25   26   33
  C   53    3.002716    1.408493    1.170975    1   21   27   34
  C   54    3.002716   -1.408493    1.170975    1   22   28   35
  C   55    0.723694   -2.279007    2.579483    1   23   29   31
  C   56   -2.279007   -2.579483    0.723694    1    6   36   49
  C   57   -3.002716    1.408493    1.170975    1    8   37   50
  C   58    0.000000    3.449997   -0.684800    1    1   38   46
  C   59    2.579483    0.723694   -2.279007    1    2   39   47
  C   60    1.170975   -3.002716   -1.408493    1    4   40   48
